<?xml version="1.0"?>
<opencv_storage>
<calibration_Time>"Wed Dec 21 18:24:17 2016"</calibration_Time>
<nrOfFrames>11</nrOfFrames>
<image_Width>1288</image_Width>
<image_Height>964</image_Height>
<board_Width>4</board_Width>
<board_Height>11</board_Height>
<square_Size>20.</square_Size>
<flagValue>0</flagValue>
<Camera_Matrix type_id="opencv-matrix">
  <rows>3</rows>
  <cols>3</cols>
  <dt>d</dt>
  <data>
    1.2682160105564676e+03 0. 6.8212401516064733e+02 0.
    1.2608995135847292e+03 4.6626495516908204e+02 0. 0. 1.</data></Camera_Matrix>
<Distortion_Coefficients type_id="opencv-matrix">
  <rows>5</rows>
  <cols>1</cols>
  <dt>d</dt>
  <data>
    -3.3693366650168460e-01 1.4888810120575438e-01
    6.9013944564358235e-04 -5.2801288278076885e-04
    -2.7262875326018645e-02</data></Distortion_Coefficients>
<Avg_Reprojection_Error>2.4368206602849588e-01</Avg_Reprojection_Error>
<Per_View_Reprojection_Errors type_id="opencv-matrix">
  <rows>11</rows>
  <cols>1</cols>
  <dt>f</dt>
  <data>
    2.62645990e-01 2.81908691e-01 2.68069029e-01 2.47277558e-01
    1.79924801e-01 2.47215882e-01 2.06164494e-01 2.06733868e-01
    3.24427754e-01 2.25589648e-01 1.91969886e-01</data></Per_View_Reprojection_Errors>
<!-- a set of 6-tuples (rotation vector + translation vector) for each view -->
<Extrinsic_Parameters type_id="opencv-matrix">
  <rows>11</rows>
  <cols>6</cols>
  <dt>d</dt>
  <data>
    -1.4671306150414393e-01 1.9420108506876213e-01
    4.8557153209057652e-02 2.8883015150460189e+01
    -1.3592392533828072e+02 3.8858895270914439e+02
    -1.5702053594794821e-01 5.1062102924663358e-02
    2.4613132423261571e-02 -7.8889595378184879e+01
    -1.3681126359638796e+02 3.9602633614040508e+02
    -1.5510348527840404e-01 -3.0191115230972615e-01
    -8.6304054314816619e-03 -1.9077159656347368e+02
    -1.3759984172149470e+02 3.6094906072692527e+02
    -1.7318507335445180e-01 -3.4609017040977874e-01
    2.7460704963034367e-02 -3.0810341809210536e+02
    2.4479690518431262e+01 5.5376109977290946e+02
    -1.7330030636105676e-01 -1.6098696447327829e-01
    3.0389819707587452e-02 -1.0627590474377735e+02
    3.4541617248990697e+01 6.4029781810552299e+02
    -1.7784291439165184e-01 2.3351991057077831e-01
    3.4023750672108249e-02 1.5344100104979830e+02 4.0012110882767473e+01
    6.4617467124619634e+02 -5.8410102121782670e-01
    1.1264676550420247e-01 4.3584170949677037e-02 4.0855984505719597e+01
    7.1715170690822475e+01 7.5379072222478783e+02
    -4.8174359528500860e-01 -1.7669749601790480e-01
    -9.8912359842086191e-03 -1.9167301831230714e+02
    5.5091340196144344e+01 7.2654648174798672e+02
    -1.7128927349555534e-01 6.5185413428026284e-01
    5.5417859856610317e-02 -1.8096517755362928e+01
    -1.2379852163196564e+02 5.8182393071384661e+02
    -1.7648335649312044e-01 -6.3924645443449268e-01
    -8.7184547147789726e-03 -2.0810448569932367e+02
    -1.2787141082132842e+02 5.1562899921084863e+02
    -1.6969415023107456e-01 1.1659533915136557e-02
    2.0727469747772426e-02 -9.5115446221315736e+01
    -1.2196077366974127e+02 6.1963262617040527e+02</data></Extrinsic_Parameters>
<Image_points type_id="opencv-matrix">
  <rows>11</rows>
  <cols>44</cols>
  <dt>"2f"</dt>
  <data>
    7.72638977e+02 4.36249237e+01 8.97509277e+02 4.28382607e+01
    1.02276056e+03 4.49713821e+01 1.14619751e+03 5.03322754e+01
    8.33610718e+02 9.83060074e+01 9.61248230e+02 9.95769424e+01
    1.08828772e+03 1.03418739e+02 1.21162207e+03 1.10244041e+02
    7.67747192e+02 1.56343826e+02 8.96978577e+02 1.56891479e+02
    1.02679846e+03 1.59793060e+02 1.15433350e+03 1.65282211e+02
    8.30344482e+02 2.16628265e+02 9.62239197e+02 2.18873001e+02
    1.09330884e+03 2.23286545e+02 1.22056567e+03 2.29615677e+02
    7.61805725e+02 2.78076416e+02 8.95007812e+02 2.80373108e+02
    1.02876733e+03 2.83950195e+02 1.16003015e+03 2.89380707e+02
    8.25720154e+02 3.43210175e+02 9.61233704e+02 3.46769623e+02
    1.09579028e+03 3.51488770e+02 1.22621899e+03 3.57208984e+02
    7.54974731e+02 4.07463226e+02 8.91332764e+02 4.11465973e+02
    1.02824036e+03 4.15901733e+02 1.16251404e+03 4.21088196e+02
    8.19737061e+02 4.76800262e+02 9.57995300e+02 4.81682892e+02
    1.09527710e+03 4.86535889e+02 1.22812781e+03 4.91410858e+02
    7.47332275e+02 5.42480042e+02 8.85699158e+02 5.48316895e+02
    1.02485303e+03 5.53629211e+02 1.16132556e+03 5.58254578e+02
    8.12405273e+02 6.14430481e+02 9.52299011e+02 6.20584656e+02
    1.09122986e+03 6.25533142e+02 1.22574023e+03 6.29350952e+02
    7.38966003e+02 6.79688049e+02 8.78239807e+02 6.87388123e+02
    1.01857910e+03 6.93259399e+02 1.15621912e+03 6.97454590e+02
    4.42303833e+02 5.25999031e+01 5.61926392e+02 4.88394623e+01
    6.84962646e+02 4.76003952e+01 8.09432678e+02 4.95290985e+01
    4.96635284e+02 1.04494469e+02 6.20318542e+02 1.02576607e+02
    7.46668030e+02 1.03036682e+02 8.72907593e+02 1.06611099e+02
    4.30721100e+02 1.62504730e+02 5.54145081e+02 1.60025620e+02
    6.81576904e+02 1.59758423e+02 8.10401001e+02 1.61995056e+02
    4.87074005e+02 2.19673965e+02 6.14652832e+02 2.18985275e+02
    7.45187500e+02 2.20295212e+02 8.75755310e+02 2.23625427e+02
    4.19677734e+02 2.80739532e+02 5.46589417e+02 2.80320221e+02
    6.77799744e+02 2.81051208e+02 8.10638794e+02 2.83651093e+02
    4.78085266e+02 3.42717438e+02 6.09002319e+02 3.43725311e+02
    7.43139221e+02 3.45773651e+02 8.77218933e+02 3.48907959e+02
    4.09809814e+02 4.06227112e+02 5.39492859e+02 4.07950714e+02
    6.73835022e+02 4.09989014e+02 8.09885620e+02 4.12813568e+02
    4.70113586e+02 4.72467407e+02 6.03579163e+02 4.75273376e+02
    7.40510254e+02 4.78120880e+02 8.77395020e+02 4.81065704e+02
    4.01646942e+02 5.37161072e+02 5.33191650e+02 5.41130981e+02
    6.69726807e+02 5.44687805e+02 8.08142761e+02 5.47746094e+02
    4.63541992e+02 6.06224731e+02 5.98661865e+02 6.10956604e+02
    7.37289856e+02 6.14589355e+02 8.75915771e+02 6.17134521e+02
    3.95399445e+02 6.70282837e+02 5.27950439e+02 6.76732666e+02
    6.65751831e+02 6.81598083e+02 8.05351807e+02 6.84843384e+02
    9.10559540e+01 4.26280823e+01 2.09377731e+02 4.41560287e+01
    3.29762512e+02 4.82814827e+01 4.50272644e+02 5.53489990e+01
    1.42441971e+02 9.76538086e+01 2.64116150e+02 1.00514885e+02
    3.87083862e+02 1.05573608e+02 5.08681244e+02 1.13275230e+02
    7.48113937e+01 1.54346542e+02 1.97024124e+02 1.55876160e+02
    3.21725525e+02 1.59462997e+02 4.46384979e+02 1.65368408e+02
    1.29185745e+02 2.14171402e+02 2.54738052e+02 2.16536392e+02
    3.81716644e+02 2.20811234e+02 5.07502197e+02 2.26809265e+02
    6.11840515e+01 2.74861755e+02 1.86867783e+02 2.76570251e+02
    3.15209900e+02 2.79415680e+02 4.43734985e+02 2.83882904e+02
    1.18657341e+02 3.38636169e+02 2.47552170e+02 3.40807526e+02
    3.78025116e+02 3.43854919e+02 5.07111694e+02 3.47927032e+02
    5.08907471e+01 4.02857300e+02 1.79474121e+02 4.04703156e+02
    3.10851715e+02 4.06797485e+02 4.42519257e+02 4.09591797e+02
    1.11684135e+02 4.70035400e+02 2.43129364e+02 4.71808685e+02
    3.76347992e+02 4.73562256e+02 5.08138306e+02 4.75393402e+02
    4.50947800e+01 5.36616150e+02 1.75519714e+02 5.38527832e+02
    3.09148712e+02 5.39846985e+02 4.43078583e+02 5.40684692e+02
    1.08855415e+02 6.05633606e+02 2.41991165e+02 6.07000244e+02
    3.76963776e+02 6.07242676e+02 5.10472900e+02 6.06551270e+02
    4.39627724e+01 6.72909912e+02 1.75547729e+02 6.74888611e+02
    3.10508789e+02 6.75181885e+02 4.45689575e+02 6.73982727e+02
    4.07193184e+01 5.16928650e+02 1.19381767e+02 5.21386780e+02
    1.99164825e+02 5.25755310e+02 2.79617401e+02 5.30010559e+02
    7.74654846e+01 5.60439514e+02 1.57095566e+02 5.64902222e+02
    2.37694626e+02 5.68959412e+02 3.18418427e+02 5.72804810e+02
    3.60745125e+01 5.99738708e+02 1.15314278e+02 6.04293274e+02
    1.95804367e+02 6.08392883e+02 2.76794098e+02 6.12110229e+02
    7.39632797e+01 6.43766174e+02 1.54093307e+02 6.48010803e+02
    2.35232529e+02 6.51691040e+02 3.16590179e+02 6.54855835e+02
